1 0.04 0
2 0.06 0
3 0.08 0
4 0.1 0
5 0 0.02
6 0.02 0.02
7 0.04 0.02
8 0.06 0.02
9 0.08 0.02
10 0.1 0.02
11 0 0.04
12 0.02 0.04
13 0.04 0.04
14 0.06 0.04
15 0.08 0.04
16 0.1 0.04
17 0 0.06
18 0.02 0.06
19 0.04 0.06
20 0.06 0.06
21 0.08 0.06
22 0.1 0.06
23 0 0.08
24 0.02 0.08
25 0.04 0.08
26 0.06 0.08
27 0.08 0.08
28 0.1 0.08
29 0 0.1
30 0.02 0.1
31 0.04 0.1
32 0.06 0.1
33 0.08 0.1
34 0.1 0.1

1 2 7 0
2 3 8 0
3 4 9 0 
5 6 11 0
6 7 12 0
7 8 13 0
7 8 2 0
8 9 14 0
8 9 3 0
9 10 15 0
9 10 4 02
11 12 17 0
11 12 6 0
12 13 18 0
12 13 7 0
13 14 19 0
13 14 8 0
14 15 20 0
14 15 9 0
15 16 21 0
15 16 10 0
17 18 23 0
17 18 12 0
18 19 24 0
18 19 13 0
19 20 25 0
19 20 14 0
20 21 26 0
20 21 15 0
21 22 27 0
21 22 16 0
23 24 29 0
23 24 18 0
24 25 30 0
24 25 19 0
25 26 31 0
25 26 20 0
26 27 32 0
26 27 21 0
27 28 33 0
27 28 22 0
29 30 24 0
30 31 25 0
31 32 26 0
32 33 27 0
33 34 28 0

1 10
4 0
5 10
6 10
7 10
29 0
30 0
31 0
32 0
33 0
34 0
28 0
22 0
16 0
10 0

