    1.0000    0.0400         0   10.0000
    2.0000    0.0600         0    6.0612
    3.0000    0.0800         0    2.8350
    4.0000    0.1000         0         0
    5.0000         0    0.0200   10.0000
    6.0000    0.0200    0.0200   10.0000
    7.0000    0.0400    0.0200   10.0000
    8.0000    0.0600    0.0200    5.7050
    9.0000    0.0800    0.0200    2.6394
   10.0000    0.1000    0.0200         0
   11.0000         0    0.0400    7.0327
   12.0000    0.0200    0.0400    6.8608
   13.0000    0.0400    0.0400    6.1661
   14.0000    0.0600    0.0400    4.1194
   15.0000    0.0800    0.0400    2.0175
   16.0000    0.1000    0.0400         0
   17.0000         0    0.0600    4.4090
   18.0000    0.0200    0.0600    4.2445
   19.0000    0.0400    0.0600    3.6842
   20.0000    0.0600    0.0600    2.5890
   21.0000    0.0800    0.0600    1.3111
   22.0000    0.1000    0.0600         0
   23.0000         0    0.0800    2.1143
   24.0000    0.0200    0.0800    2.0240
   25.0000    0.0400    0.0800    1.7373
   26.0000    0.0600    0.0800    1.2411
   27.0000    0.0800    0.0800    0.6381
   28.0000    0.1000    0.0800         0
   29.0000         0    0.1000         0
   30.0000    0.0200    0.1000         0
   31.0000    0.0400    0.1000         0
   32.0000    0.0600    0.1000         0
   33.0000    0.0800    0.1000         0
   34.0000    0.1000    0.1000         0

